   14.650
   11.900
   12.180
    5.070
   -5.650
   -9.950
  -15.140
  -25.520
  -35.850
  -42.000
  -43.080
  -45.550
  -49.720
  -53.730
  -58.700
  -58.110
  -49.500
  -42.950
  -37.990
  -29.510
  -23.030
  -15.020
   -2.410
    5.450
    6.890
    7.880
    8.260
   12.310
   20.660
   23.670
   22.570
   22.100
   19.690
   12.980
    5.740
    2.590
    0.110
   -1.350
   -4.030
  -13.950
  -19.090
  -17.570
  -20.810
  -30.800
  -39.070
  -38.600
  -38.190
  -39.830
  -40.180
  -43.150
  -45.500
  -41.790
  -35.360
  -30.010
  -26.550
  -20.460
  -10.610
   -2.450
    4.690
    7.960
   10.830
   16.270
   16.640
   18.320
   21.570
   19.010
   14.040
   10.660
   13.920
   18.830
   11.800
   -0.460
   -5.050
   -6.520
  -10.270
  -12.660
   -8.250
   -5.660
  -12.470
  -15.280
  -10.370
   -6.180
   -0.470
    8.630
   13.570
   16.590
   21.790
   22.260
   17.450
   14.140
   17.330
   21.620
   17.970
   13.670
   16.070
   15.650
   11.150
   10.280
    8.900
    1.030
   -0.830
    7.370
    9.030
    2.330
   -3.180
   -3.930
   -3.850
   -3.400
   -0.620
   -4.380
  -15.970
  -19.770
  -17.010
  -13.780
   -9.470
  -10.760
  -11.500
   -9.610
  -12.500
  -19.330
  -24.700
  -27.940
  -33.070
  -37.860
  -37.890
  -37.310
  -36.500
  -33.700
  -32.640
  -32.340
  -29.410
  -22.920
  -18.070
  -16.140
  -16.080
  -17.890
  -18.110
  -20.370
  -24.340
  -22.680
  -23.730
  -29.380
  -32.000
  -34.740
  -35.640
  -31.670
  -25.000
  -21.390
  -28.110
  -34.350
  -35.210
  -40.240
  -39.890
  -38.090
  -40.970
  -42.540
  -44.560
  -41.340
  -38.220
  -35.620
  -27.380
  -19.370
   -8.780
    0.370
    5.840
    9.050
   11.150
   16.720
   18.370
   18.010
   21.220
   24.430
   23.020
   23.120
   28.130
   27.620
   28.000
   26.640
   16.220
    6.000
   -4.680
   -8.810
   -9.450
  -16.050
  -22.060
  -27.080
  -29.210
  -27.040
  -25.480
  -25.470
  -27.300
  -29.920
  -28.150
  -23.950
  -21.980
  -19.400
  -15.880
  -17.090
  -20.770
  -22.400
  -24.110
  -27.030
  -30.100
  -32.210
  -32.370
  -29.440
  -21.520
  -16.050
  -17.620
  -14.250
   -7.020
   -5.550
  -11.000
  -13.530
  -10.590
  -16.780
  -25.980
  -28.270
  -33.880
  -45.110
  -52.270
  -50.780
  -46.970
  -47.210
  -47.310
  -42.770
  -36.530
  -34.950
  -34.580
  -34.990
  -38.680
  -37.860
  -40.440
  -43.510
  -35.780
  -32.990
  -34.320
  -32.470
  -32.700
  -31.950
  -32.000
  -33.950
  -34.280
  -33.540
  -33.760
  -28.730
  -20.250
  -13.450
   -5.060
   -3.200
   -3.380
    4.350
   10.720
   11.720
    7.950
    6.940
   12.040
    8.890
    1.570
   -1.990
   -5.990
  -11.220
   -8.110
    0.050
   -1.450
   -7.540
   -8.540
   -8.020
  -16.060
  -16.610
   -9.920
  -12.980
  -17.160
  -22.320
  -28.680
  -30.510
  -29.620
  -33.490
  -38.740
  -40.780
  -47.110
  -48.740
  -39.330
  -34.830
  -37.120
  -39.050
  -35.650
  -32.030
  -32.680
  -25.400
  -17.420
  -13.820
   -9.190
  -11.880
  -14.880
   -8.500
   -3.280
   -2.280
    0.300
    3.380
    4.630
    7.030
   10.960
   13.310
   17.200
   23.920
   24.830
   18.280
   16.630
   18.300
    9.370
   -0.930
   -3.150
   -8.520
  -16.570
  -19.960
  -25.320
  -30.650
  -34.340
  -37.850
  -34.720
  -30.740
  -25.670
  -17.870
  -15.640
  -12.570
    0.040
   10.770
   11.650
   12.040
   16.620
   18.400
   13.130
    9.620
   10.030
    6.710
    3.800
    4.390
    0.180
   -3.690
   -2.060
   -5.480
  -10.210
  -10.620
   -8.860
   -3.820
   -0.980
   -0.440
   -1.360
   -5.910
   -9.580
   -8.230
   -4.200
   -4.340
   -5.470
   -6.670
   -5.340
    2.930
   11.550
   20.240
   28.730
   31.360
   31.630
   28.970
   18.790
   12.130
    9.310
   -1.780
  -11.030
  -13.430
  -16.570
  -16.220
  -17.790
  -20.180
  -17.450
  -19.610
  -24.100
  -21.960
  -22.130
  -28.060
  -27.710
  -24.650
  -26.500
  -27.940
  -26.280
  -20.590
  -13.740
  -11.780
   -8.950
    0.040
    8.590
   14.650
   25.450
   29.950
   26.380
   27.760
   26.320
   24.680
   17.860
    6.570
    3.100
    1.220
    0.510
   -4.960
  -15.800
  -19.200
  -18.940
  -20.100
  -18.630
  -18.950
  -20.090
  -22.390
  -27.870
  -24.950
  -18.700
  -19.650
  -15.390
   -5.700
   -6.250
   -5.700
    5.960
   17.940
   25.180
   27.770
   30.310
   31.460
   29.360
   28.730
   25.870
   18.750
   13.370
    7.750
   -2.710
  -15.630
  -27.110
  -35.110
  -38.100
  -36.690
  -35.010
  -33.230
  -33.380
  -34.980
  -37.170
  -43.020
  -46.110
  -48.210
  -48.380
  -41.970
  -37.800
  -30.940
  -23.890
  -23.060
  -21.500
  -17.180
  -12.090
   -9.230
   -0.800
   10.380
    9.160
    7.040
   12.550
   13.370
    9.630
    5.680
   -0.510
  -10.170
  -17.760
  -25.090
  -31.470
  -33.240
  -35.840
  -34.190
  -29.790
  -30.970
  -32.900
  -31.680
  -33.450
  -34.640
  -30.660
  -26.880
  -24.250
  -22.350
  -19.490
  -14.180
   -8.560
   -1.630
    6.580
   11.540
   15.620
   17.110
   13.710
   15.520
   21.660
   19.740
   13.050
   14.070
   14.970
    9.250
    3.140
   -4.810
  -13.300
  -18.560
  -22.750
  -29.640
  -32.320
  -28.930
  -28.320
  -27.290
  -26.500
  -23.860
  -14.570
   -7.800
    0.400
   10.810
   17.180
   23.450
   25.680
   24.770
   25.710
   27.540
   29.280
   33.090
   36.230
   33.890
   30.260
   27.050
   24.120
   22.220
   20.460
   14.580
    9.590
   10.350
    9.310
    4.400
   -3.680
  -13.020
  -19.260
  -23.130
  -21.920
  -14.060
   -8.240
   -4.870
   -1.750
    0.020
    4.690
   15.790
   25.960
   29.610
   31.650
   33.270
   36.790
   39.690
   35.150
   28.520
   24.960
   23.650
   21.790
   17.650
   16.710
   16.760
   11.080
    6.980
    8.000
    4.850
    0.150
   -2.360
   -9.850
  -15.460
  -16.300
  -19.590
  -21.020
  -18.160
  -19.520
  -25.490
  -28.370
  -23.770
  -16.920
  -13.750
   -9.210
   -1.910
    6.410
   12.590
   15.990
   16.220
   14.900
   16.360
   19.000
   19.910
   21.640
   24.210
   23.330
   22.120
   16.050
    6.060
    0.960
   -3.390
  -11.380
  -16.560
  -16.900
  -19.960
  -21.820
  -17.780
  -13.520
  -13.740
  -14.530
  -11.450
   -9.810
   -6.320
   -1.280
   -3.550
   -3.740
    2.680
    4.560
   -0.150
   -6.240
   -6.450
   -1.200
   -0.780
   -2.800
   -3.050
   -2.850
   -2.550
   -4.590
   -8.190
   -6.680
   -0.960
   -1.150
   -4.000
   -7.650
  -12.110
   -9.830
   -4.410
   -2.410
   -4.090
   -6.290
   -4.940
   -2.450
   -2.160
    0.530
    6.430
   11.580
   15.370
   18.080
   16.380
   14.400
   15.010
   13.820
   16.880
   20.660
   18.070
   17.490
   19.180
   16.370
   10.220
    5.570
    6.070
    7.320
    9.690
   13.770
   15.210
   18.140
   26.510
   35.370
   38.380
   39.940
   42.220
   41.290
   36.000
   29.360
   25.290
   27.700
   32.730
   33.150
   30.690
   25.590
   21.320
   24.400
   26.210
   21.210
   19.650
   18.460
   12.210
    8.160
    7.120
    3.780
   -5.170
   -9.760
   -8.460
  -12.880
  -14.430
  -12.370
  -15.840
  -15.570
   -7.910
   -3.940
   -3.940
    0.840
    4.830
    2.890
    2.330
    1.940
    4.040
    7.870
    6.790
    7.130
   11.280
   14.750
   12.840
    7.970
    7.150
    9.560
   11.880
   11.200
    6.220
    3.470
    8.060
   15.440
   20.090
   23.390
   24.720
   25.300
   29.080
   28.780
   28.180
   34.170
   34.890
   31.650
   34.080
   38.530
   40.540
   39.640
   34.470
   30.240
   25.160
   14.940
    7.690
    2.960
    0.500
   -0.690
   -4.220
   -5.080
   -0.650
    3.090
    0.530
   -0.810
    5.610
   12.200
   15.860
   20.030
   22.430
   24.680
   32.400
   35.880
   32.090
   32.360
   35.120
   36.150
   30.130
   21.340
   22.780
   25.830
   23.870
   24.760
   26.010
   23.010
   18.700
   15.880
   15.160
   18.430
   23.400
   24.810
   25.220
   26.620
   27.480
   25.310
   21.240
   17.680
   15.600
   17.310
   16.520
   16.930
   23.270
   24.860
   19.970
   18.540
   24.940
   30.990
   30.350
   23.990
   18.280
   16.760
   17.930
   14.870
    7.400
    2.700
   -1.580
   -2.930
   -0.430
   -2.760
   -3.230
    1.130
    0.730
    1.230
    5.940
    9.750
   12.070
   13.000
   15.620
   19.820
   21.700
   24.890
   26.710
   24.880
   21.590
   16.150
   12.000
    6.630
    3.980
    8.030
    8.790
    6.350
    4.780
    0.700
   -3.210
   -5.310
  -10.180
  -11.340
   -7.860
   -6.170
   -3.850
    1.530
   10.890
   17.890
   17.980
   18.070
   22.290
   24.110
   18.210
   15.520
   18.470
   19.260
   19.680
   16.000
   12.210
   11.440
   11.080
   13.850
   11.780
    7.800
    8.540
    7.460
    4.640
    1.190
   -5.010
  -13.150
  -18.440
  -18.580
  -16.840
  -17.460
  -18.360
  -14.250
   -9.220
   -4.640
    0.090
    2.940
    6.510
   10.550
    9.880
    4.220
    5.230
   12.400
   13.050
   11.330
   11.560
    8.930
    3.980
    5.030
   13.770
   18.030
   13.600
   13.850
   22.450
   22.590
   14.860
   12.050
   10.740
    4.520
   -9.380
  -18.760
  -17.450
  -18.390
  -20.180
  -20.770
  -18.380
  -15.870
  -16.630
  -11.930
   -4.810
   -0.900
    0.420
    2.430
    6.410
    4.900
    0.920
    4.410
    9.610
   11.040
    8.140
    6.940
    8.550
    7.640
    9.410
    9.630
    7.700
    8.300
    6.770
    1.950
   -1.970
   -0.720
   -1.270
   -0.410
    7.670
   13.190
   14.140
   12.610
   14.180
   18.080
   17.470
   15.310
   16.180
   23.170
   31.530
   35.920
   36.870
   33.370
   32.720
   35.560
   33.180
   31.920
   30.020
   22.900
   15.850
    7.590
   -1.460
   -7.550
   -7.910
   -8.030
   -9.910
   -9.140
   -8.950
  -11.440
  -11.050
   -5.330
   -3.630
   -6.590
   -5.620
   -2.540
   -3.430
   -6.570
   -6.310
   -2.710
    2.180
    5.620
    1.550
   -0.300
    6.110
    8.720
   11.380
   16.530
   20.140
   22.570
   20.380
   21.270
   29.150
   31.760
   29.940
   26.070
   19.400
   17.450
   18.510
   13.560
    9.940
   14.500
   12.520
    5.780
    5.410
    7.750
    5.330
    0.800
   -0.070
   -2.820
  -10.430
  -15.390
  -12.240
   -5.170
    1.420
    3.990
    0.690
   -5.440
   -8.480
   -8.780
   -9.240
   -9.340
  -12.610
  -20.200
  -20.360
  -12.310
  -10.160
   -8.710
   -3.180
   -0.060
    2.140
    1.740
   -5.540
   -9.070
   -1.810
    2.680
    1.180
    2.340
    7.410
   11.230
   11.030
    8.290
    3.950
    2.460
    3.330
    4.460
    6.780
   10.720
   11.350
    8.680
    9.540
    8.130
    4.490
    6.480
   10.930
   12.200
   14.490
   16.320
   12.920
   12.550
   14.510
   15.320
   14.730
   14.540
   19.650
   20.630
   17.020
   11.440
    4.540
    1.770
   -3.630
   -3.930
    4.060
   11.810
   21.610
   30.180
   37.320
   40.890
   41.080
   44.390
   48.790
   51.530
   47.880
   42.050
   41.240
   37.680
   31.200
   29.040
   25.950
   21.670
   16.590
    8.270
    4.360
    2.900
   -2.900
   -5.990
   -4.240
   -6.620
  -11.040
   -9.170
   -2.550
   -3.290
   -7.020
   -1.780
    7.770
   14.950
   19.810
   23.500
   22.830
   24.300
   30.460
   29.390
   24.870
   24.490
   20.300
   10.750
    1.640
   -4.340
  -10.330
  -18.030
  -22.630
  -24.930
  -25.780
  -27.240
  -30.600
  -31.020
  -32.360
  -34.530
  -32.500
  -26.900
  -17.850
  -12.690
  -11.420
   -7.750
   -2.530
    8.150
   17.930
   19.100
   20.280
   25.780
   27.080
   19.100
   12.800
   11.160
    9.840
    9.460
    5.660
    1.700
   -0.150
   -1.130
   -0.810
   -3.010
   -6.070
   -7.710
   -7.530
   -8.410
  -12.470
  -15.200
  -18.310
  -23.360
  -26.160
  -26.430
  -23.510
  -18.400
  -14.670
  -10.610
   -6.400
   -4.160
   -3.430
   -3.170
   -1.940
   -1.480
   -2.080
   -3.630
   -3.830
    1.470
    6.530
    5.980
    4.250
    3.340
    2.280
    0.850
   -0.600
    1.170
    4.820
    5.990
   -0.230
   -9.210
  -16.130
  -22.370
  -22.780
  -21.600
  -23.570
  -23.550
  -21.620
  -23.630
  -29.140
  -26.700
  -20.240
  -23.830
  -29.320
  -28.810
  -28.790
  -31.440
  -31.040
  -26.210
  -20.600
  -16.140
  -11.130
   -1.190
    5.650
    8.680
   12.750
   12.910
   14.940
   17.370
   14.440
    8.650
    3.860
    3.860
    0.930
   -8.320
  -16.260
  -20.560
  -20.860
  -19.160
  -18.990
  -20.340
  -22.380
  -22.230
  -16.710
   -9.770
   -4.580
   -0.060
    2.380
    4.360
    9.860
   16.400
   18.360
   18.520
   19.510
   17.850
   13.540
   12.460
   17.030
   19.540
   13.070
    5.580
    3.210
    3.090
    1.940
   -0.840
   -3.400
   -6.190
   -6.430
   -6.670
   -4.490
   -4.160
  -10.060
  -13.480
  -17.550
  -23.780
  -25.760
  -22.750
  -21.260
  -20.680
  -17.720
  -13.770
   -9.310
